Standard Filters:
array([[ 18.        ,   0.89940426,   0.98668253,   0.99315324,   3.        ],
       [ 19.        ,   0.91126791,   0.97859406,   0.9874077 ,   3.        ],
       [ 20.        ,   0.92156879,   0.98059952,   0.9874182 ,   3.        ],
       [ 49.        ,   0.87882985,   0.99492552,   0.99649248,   3.        ],
       [ 50.        ,   0.91335778,   0.98696392,   0.99245395,   3.        ],
       [ 51.        ,   0.86293638,   0.99251524,   0.99209354,   2.        ],
       [ 52.        ,   0.86633649,   0.99483705,   0.99400734,   2.        ],
       [ 53.        ,   0.90724794,   0.99308439,   0.99447998,   3.        ],
       [ 54.        ,   0.86131276,   0.9892604 ,   0.98822766,   2.        ],
       [ 55.        ,   0.8963076 ,   0.99302533,   0.99104357,   2.        ],
       [ 56.        ,   0.91133531,   0.98827226,   0.98817839,   2.        ],
       [ 57.        ,   0.89323181,   0.99312698,   0.99505971,   3.        ],
       [ 58.        ,   0.87584985,   0.99749915,   0.99558514,   2.        ],
       [ 62.        ,   0.9098689 ,   0.98656004,   0.9823719 ,   2.        ],
       [ 63.        ,   0.88568132,   0.9970964 ,   0.9964391 ,   2.        ],
       [ 64.        ,   0.97517716,   0.95259595,   0.96008125,   1.        ]])
NonStandard Filters:
array([[ 18.        ,   0.91349943,   0.96169314,   0.97883047,   3.        ],
       [ 19.        ,   0.92582428,   0.9717342 ,   0.98358512,   3.        ],
       [ 20.        ,   0.9312109 ,   0.97269497,   0.9807951 ,   3.        ],
       [ 49.        ,   0.95375141,   0.98602998,   0.99243084,   3.        ],
       [ 50.        ,   0.95331256,   0.97588655,   0.98287343,   3.        ],
       [ 51.        ,   0.94264171,   0.97369879,   0.98595884,   3.        ],
       [ 52.        ,   0.96140938,   0.98674795,   0.99283865,   3.        ],
       [ 53.        ,   0.9613013 ,   0.98822591,   0.99075572,   3.        ],
       [ 54.        ,   0.95554448,   0.98295719,   0.99054747,   3.        ],
       [ 55.        ,   0.96129189,   0.98495421,   0.9828935 ,   2.        ],
       [ 56.        ,   0.945433  ,   0.97678507,   0.9758945 ,   2.        ],
       [ 57.        ,   0.96016621,   0.98832821,   0.99331654,   3.        ],
       [ 58.        ,   0.95308297,   0.98094471,   0.98834153,   3.        ],
       [ 62.        ,   0.96136818,   0.98508421,   0.98053057,   2.        ],
       [ 63.        ,   0.95873315,   0.98791211,   0.99582312,   3.        ],
       [ 64.        ,   0.97449196,   0.96853826,   0.96596256,   1.        ]])
All Given Filters:
array([[ 18.        ,   0.8932525 ,   0.9588445 ,   0.97803635,   3.        ],
       [ 19.        ,   0.91301836,   0.96648679,   0.98169786,   3.        ],
       [ 20.        ,   0.91808169,   0.96638122,   0.9780541 ,   3.        ],
       [ 49.        ,   0.90775457,   0.98600821,   0.99150486,   3.        ],
       [ 50.        ,   0.92574413,   0.97364659,   0.98208937,   3.        ],
       [ 51.        ,   0.88656442,   0.9734634 ,   0.98341777,   3.        ],
       [ 52.        ,   0.90345757,   0.98616981,   0.9901333 ,   3.        ],
       [ 53.        ,   0.92564986,   0.98728024,   0.99050367,   3.        ],
       [ 54.        ,   0.89565002,   0.98208012,   0.98695245,   3.        ],
       [ 55.        ,   0.9181264 ,   0.98412058,   0.98164605,   2.        ],
       [ 56.        ,   0.91575619,   0.97487107,   0.97640245,   3.        ],
       [ 57.        ,   0.91573101,   0.9871885 ,   0.99136617,   3.        ],
       [ 58.        ,   0.9016108 ,   0.98100901,   0.98684423,   3.        ],
       [ 62.        ,   0.92897636,   0.98386477,   0.98115371,   2.        ],
       [ 63.        ,   0.91034586,   0.98818193,   0.99477801,   3.        ],
       [ 64.        ,   0.97070126,   0.95045666,   0.95568287,   1.        ]])
Own Filters:
array([[ 18.        ,   0.94248587,   0.97721162,   0.99313277,   3.        ],
       [ 19.        ,   0.95241188,   0.98235445,   0.99452258,   3.        ],
       [ 20.        ,   0.95784473,   0.98897021,   0.99744868,   3.        ],
       [ 49.        ,   0.9691249 ,   0.99301284,   0.99931432,   3.        ],
       [ 50.        ,   0.96171271,   0.98730771,   0.99816833,   3.        ],
       [ 51.        ,   0.95171479,   0.98462677,   0.99615934,   3.        ],
       [ 52.        ,   0.98183924,   0.99777687,   0.99818523,   3.        ],
       [ 53.        ,   0.97610091,   0.99764591,   0.99795366,   3.        ],
       [ 54.        ,   0.96631749,   0.99085939,   0.99872431,   3.        ],
       [ 55.        ,   0.9856291 ,   0.99867678,   0.99372866,   2.        ],
       [ 56.        ,   0.95530837,   0.98707857,   0.99086484,   3.        ],
       [ 57.        ,   0.97484281,   0.99426812,   0.99913721,   3.        ],
       [ 58.        ,   0.96487508,   0.9911157 ,   0.99823538,   3.        ],
       [ 62.        ,   0.97241937,   0.99053933,   0.98320649,   2.        ],
       [ 63.        ,   0.9710111 ,   0.99279224,   0.99905458,   3.        ],
       [ 64.        ,   0.9948915 ,   0.99336853,   0.98375058,   1.        ]])

